2.22355446 0.7708219 0.79181898 2.08259874 0.69332394 0.86820485 0.9015084 0.85077751 0.8638461 0.79259508
2.27678972 2.32537193 0.82833011 0.96215872 0.76194501 0.88070164 0.87368369 0.82993504 0.80726704 0.88604508
2.23373106 0.80389378 0.90385442 1.00580511 0.84517567 0.78335137 0.9134628 0.92624749 0.7498583 0.70262901
2.65999157 2.44072994 0.92139035 0.85305214 0.70837211 0.71992454 0.77551788 0.93302106 0.8313484 0.69538439
2.26856832 2.81915585 0.67636253 0.83524737 0.70501369 0.77467536 0.6640423 0.7754289 0.85542727 0.67047531
2.54533779 0.72663823 0.88759897 1.01922382 0.88292052 1.87772203 0.8420656 0.93504126 0.86534098 0.90958508
3.49014729 3.2499824 1.39887491 0.95963399 1.05312313 1.02653378 0.87286239 0.89962952 0.99777502 0.97229976
2.44548583 0.67170674 0.77531735 0.82572724 0.70026195 0.66532706 0.79282025 0.81645638 0.81728694 0.83597304
2.70514012 0.75429773 2.61550995 0.76972622 0.94959393 0.73988466 0.83753245 0.78423907 0.8433711 0.85915848
2.31859352 2.54384214 0.97884335 0.75028265 0.86864802 1.13097894 0.76266778 0.87905306 0.93591343 0.82943433

