-11.193 20.0939 11.2459
2.46493 18.1388 16.9773
6.71273 -15.7538 7.53776
-15.2844 -0.499135 6.70593
-8.28673 9.84165 11.1056
16.5575 13.6304 13.3056
9.67103 -15.006 8.78876
-2.04773 4.65655 15.3654
13.9112 -7.10816 12.874
12.1256 11.8437 11.3402
8.6545 11.1897 9.23177
-17.4345 -20.7279 3.20385
-21.8727 -13.9872 3.54594
16.9176 14.1857 13.8971
-7.36323 1.27074 12.6559
3.10894 -7.88551 7.00556
8.17058 -11.3733 8.86597
9.27438 11.1985 10.5599
-1.13652 1.83017 2.8872
-13.4923 8.57654 8.0524
-7.29887 11.2033 10.0337
6.79414 -2.89382 9.99291
-8.2082 1.64352 9.02075
-0.174434 1.83406 13.0622
-4.63774 15.0286 13.991
15.4219 13.5664 13.0804
12.9162 -12.2672 10.0485
-9.89118 7.51176 9.94946
-3.50528 0.603619 11.0973
-7.79756 -0.135274 12.1846
10.1022 -11.0738 9.5482
14.2718 -9.06941 12.1264
-5.6657 -3.11329 13.5191
7.19509 14.6096 8.65343
13.7046 -5.09729 12.5789
-12.4282 8.2591 9.13133
10.5811 -15.8394 8.88052
13.3745 6.71465 10.5764
-19.2732 -4.22827 8.03741
-19.1467 17.4549 7.09913
-16.1551 -17.0701 6.10076
-12.0574 10.6753 10.0871
13.0107 26.314 14.8214
-4.52091 11.473 12.44
11.9281 -17.2803 9.29817
-4.73478 -12.1312 12.0705
6.1772 3.07757 7.67639
11.8792 5.39005 10.1882
-4.55842 -1.14756 0.762957
19.2058 15.8852 14.8324
11.0627 -19.1518 8.54835
9.71437 -3.16015 11.7276
10.1235 -15.0445 9.24455
17.0712 -19.1199 10.3138
-23.2744 -4.34553 6.07682
-10.1838 -16.2988 9.66273
-1.34319 -8.45637 5.0549
-8.48897 0.936056 7.3692
0.605166 -16.4608 5.22334
15.7278 -6.50851 11.1983
-5.14241 1.29468 11.7112
-7.51409 10.5945 10.1441
6.48161 -6.17823 8.60223
-15.3602 4.43012 6.19833
-1.60459 11.8185 12.8108
-9.45876 -10.2887 9.95144
16.2244 18.4732 14.5225
5.83486 14.2108 10.074
8.58058 4.49677 8.23618
11.5466 13.2429 11.6813
10.6058 9.40064 10.1133
4.46393 5.55687 7.72586
14.5871 8.18148 11.2565
10.7173 -5.72477 8.49502
-16.7123 7.4278 6.42577
4.85268 -5.27475 8.82998
-1.50666 2.86861 6.86134
17.4747 -8.88893 13.7959
-13.8811 -10.3456 7.71629
15.2196 -17.6133 10.8086
10.3486 9.56978 10.1308
7.74218 -4.64818 10.6469
7.03322 5.27384 9.16542
-14.9293 7.21275 7.54663
-7.92538 -23.2603 7.69703
-3.42886 13.4787 14.3266
16.3947 -21.833 10.2204
-13.8706 -13.0202 7.7314
6.28721 2.1832 6.65004
9.87045 13.1092 10.3439
-12.2671 4.64065 9.38668
10.4189 15.8479 11.4286
11.4688 14.809 12.0379
-11.797 18.64 9.07084
7.20744 3.77344 12.2828
17.4945 8.11731 13.667
9.21996 6.55082 8.27713
-20.6117 -6.88368 5.30399
20.2765 -4.67574 15.0998
11.3795 -14.101 10.7698
