8.53993 -5.91491 10.8209
5.23255 -7.77709 9.60335
17.3707 -11.6358 10.4303
4.0825 8.94328 6.0432
7.97783 21.0336 11.0209
-1.27805 -4.66673 10.9425
15.2083 -18.6028 9.7883
-6.33132 -13.3379 11.2186
18.5731 -11.1328 13.797
-4.9324 9.87869 11.3648
-11.6489 -1.95203 9.87104
10.1611 -6.31927 10.5664
-4.5159 -16.3537 2.24498
4.32622 11.5014 8.25077
13.7328 -1.26239 12.8482
6.52664 3.05716 10.4054
-7.38743 11.3869 10.5054
3.15591 12.7249 7.28773
-2.15905 -18.0044 4.39881
13.5723 6.95726 10.8146
4.65575 15.3243 7.9674
-16.586 9.25002 7.2128
6.78146 -2.89091 7.51351
6.91035 8.8374 9.63044
12.9175 3.37127 9.87818
4.24376 15.03 8.24189
-6.69644 -14.7996 10.9291
-14.503 12.0196 8.58225
14.077 -14.8669 10.6525
5.89189 -9.90477 6.45655
17.0427 13.4969 14.5641
-11.0734 4.16864 8.59762
-11.2498 -3.7343 11.325
5.73543 -3.21384 9.20937
9.51383 17.8726 11.107
13.3516 -12.3372 10.6071
8.37425 -10.785 10.7636
11.3148 3.76142 12.3955
-10.3977 -15.4732 10.0084
9.09672 15.004 10.1734
14.1976 18.5865 13.1083
-13.7742 -8.20612 8.47417
16.2029 -16.9578 11.4741
6.65335 -1.16891 11.2701
21.5056 -5.65491 17.1589
-7.00262 10.4788 10.4264
10.5518 13.9845 10.5211
12.4058 1.43544 12.2785
-2.85644 1.88868 3.58166
-15.61 10.795 7.2961
-17.1472 4.0093 5.91438
20.4694 -3.57896 16.7382
-10.3594 9.70918 10.6602
-5.1202 11.4631 12.1949
7.9817 4.55535 7.29058
1.07538 12.7263 6.56343
12.2692 -9.12457 10.8834
12.6558 -13.5543 9.12633
1.9826 -9.60333 15.6614
-6.07758 20.8676 12.6196
4.75939 -11.5329 7.12013
-17.3862 8.04465 7.22038
12.45 -11.9526 11.4084
9.48674 5.43871 9.09806
-14.9827 4.20771 7.76544
18.6946 -9.27987 14.3921
-9.75265 10.513 9.56568
1.01636 5.80429 4.94864
18.1399 22.4565 16.1533
-12.1155 24.7851 12.3093
-9.45745 -5.49381 11.6016
15.6755 -7.07521 13.7147
9.9257 -15.3391 9.85049
-16.0308 -9.24168 6.6211
11.5371 -3.45533 12.134
16.8078 -6.16031 14.8186
-3.62784 17.0801 13.9677
-0.988712 -24.4442 3.01858
7.54445 -15.6444 7.67832
-11.5787 25.6808 12.413
18.1555 7.75044 13.0283
-0.408017 -11.9287 4.93076
-6.52441 4.23574 12.0528
-12.1028 0.554285 7.32938
12.0179 -12.6359 11.824
-13.1956 -5.973 9.10419
4.55332 6.94047 7.57111
-13.3668 3.32516 8.36552
23.0459 6.45608 14.2444
-8.15718 15.3974 12.5838
-13.2011 26.9246 12.2416
4.28435 -14.4386 7.09221
-20.3936 -10.2668 5.5697
5.68858 12.8476 8.43189
4.52849 17.6405 9.60093
-15.7213 12.1622 6.87773
5.54342 -10.9013 17.7292
8.63154 -20.02 7.92712
-3.97427 -11.065 12.5442
11.1538 -12.6027 8.85846
9.22469 -11.4331 8.77464
9.16251 -4.50941 7.51742
-14.8525 -15.675 7.47313
5.39763 15.4234 9.3699
-1.93668 8.86183 14.0002
-16.8823 -2.55503 4.3496
8.56563 -1.20153 11.1008
10.9377 -6.96429 10.1781
8.79892 -5.93644 10.3372
-2.89995 10.7979 12.2774
-3.47886 15.3215 13.5292
-12.384 -7.826 7.06427
2.38147 -9.4192 7.27781
-9.06285 -1.2821 7.83029
-7.03285 -10.6734 12.6654
-7.67815 11.0922 11.6304
-7.04807 14.6918 12.6886
14.1067 -3.07217 9.84126
17.1648 9.66704 14.4357
8.94923 -11.6056 10.4417
-6.4701 -5.43111 8.84805
12.7431 -2.73641 8.44702
-7.73546 -5.57912 12.3353
7.22995 5.3859 8.58134
-9.79739 6.07326 10.5157
-4.24724 5.91955 12.4236
-12.5814 -5.87638 9.32753
-2.94808 -10.5378 4.38016
-5.35996 -4.50886 9.02116
20.1437 -9.98427 14.6372
9.48697 -9.87782 9.30328
11.1641 3.93423 9.12241
-3.03789 2.31973 11.3964
-14.8634 -7.45976 8.67403
-20.2273 -4.88109 7.75967
1.67633 14.8364 7.03312
13.5929 11.6753 12.0136
-10.9458 12.115 9.33132
5.43963 -11.1005 8.2788
7.47914 -26.233 6.50243
17.3475 -12.6653 13.9942
13.5912 -2.13486 12.9383
-16.4588 -12.6765 6.65081
11.2602 6.23236 9.76025
9.64213 16.9727 12.0974
7.75869 -17.268 7.90285
7.42568 -21.8506 5.48281
13.3317 -8.92969 11.0551
8.50563 14.3635 10.7239
-19.4256 -0.55019 7.17586
9.84325 2.51771 11.5419
11.2829 3.10843 10.3553
16.3539 0.843777 15.1869
5.27057 2.22483 5.73393
6.862 -2.18301 9.17753
10.5259 9.51347 10.6693
17.0913 -8.33939 13.053
16.0163 0.352532 11.2238
17.2664 -1.69482 12.031
13.5091 8.49266 11.9152
13.8172 20.0356 12.2691
3.32221 -22.058 5.75543
-12.8278 -14.4746 8.98416
0.732145 -11.9304 6.64864
4.19328 10.4344 7.10588
-9.13073 -3.4229 12.3731
9.67448 2.76166 8.0968
11.7564 -21.4796 9.789
0.136704 -13.911 4.33815
7.81423 7.96261 7.78146
20.8861 -6.04051 14.9105
13.6706 19.2595 13.4095
-4.66263 8.44577 12.2568
11.2372 10.7141 9.86129
-15.6737 -18.3393 7.08289
0.391684 -6.77378 6.47484
12.5865 -9.82865 11.0593
-8.33629 -15.9413 9.1638
11.73 -8.84232 10.8552
17.6334 12.0538 13.6064
-14.3871 7.79809 8.57549
-7.2786 -3.45704 12.6184
12.613 -7.94783 12.0846
-2.95603 18.9205 14.5587
-15.9465 8.50666 7.01025
14.2326 -7.75647 11.8229
7.26533 -27.184 6.85998
0.435774 -15.4048 4.64069
-5.25398 2.57695 10.6489
-3.17605 -15.344 11.6117
-7.72507 15.0237 12.0112
7.46686 -5.61969 10.2895
-8.83469 -7.29746 10.5796
-20.9572 18.6999 6.59994
11.7322 9.85869 12.1372
-13.3574 17.2807 10.3364
-4.59064 15.559 14.0892
12.4918 -24.338 8.32472
2.08069 -1.03154 7.66519
-25.78 4.37897 1.94529
-15.0761 -7.32435 8.38014
-11.4677 1.54997 11.7031
-10.5862 0.270805 6.36045
3.67545 8.41727 7.36152
22.7628 -11.8102 14.3936
-12.741 9.70714 10.1182
-16.0322 -1.92463 4.59198
-8.13205 14.649 12.2543
15.9636 -10.4578 12.3408
0.631294 8.16531 6.26124
10.548 12.432 10.8259
-2.20868 -9.67865 13.452
6.86452 -13.9709 7.03796
8.64057 2.30926 11.9349
-13.9852 18.4269 10.3515
-10.7253 2.55905 7.03921
-12.3056 0.959002 7.48074
7.51321 11.0621 13.8244
-8.74281 -5.45464 10.874
-7.03491 2.24955 9.26669
8.15951 12.8832 9.04527
-6.74845 -0.507112 9.95736
10.7031 -19.4099 8.25586
13.724 -5.52971 13.4323
-18.2981 7.31454 6.57278
1.04597 8.2584 15.2997
8.58844 10.22 8.86543
1.43917 5.38673 5.49827
-15.0153 -19.0685 6.12381
11.1571 9.49117 10.7206
4.42361 17.1406 8.40872
14.5199 10.9011 12.6085
2.41853 20.4273 7.95444
5.28815 7.90851 7.38655
12.6527 -3.5557 12.1016
-4.25647 21.3736 14.8612
7.81542 -8.56274 9.26831
17.4799 8.63954 14.205
-10.3048 -9.43976 10.7374
-12.2181 -30.0214 5.96934
8.56242 -12.6658 9.06588
3.66256 -2.18934 8.05961
-7.87952 18.7452 12.8834
-22.647 10.4782 4.41323
-17.3284 0.484362 4.171
9.57586 -6.21387 11.0279
-4.11575 -18.1671 12.0237
7.8142 -12.2401 8.56559
-11.036 -4.88291 10.617
5.35735 5.215 10.8705
22.4647 -6.17521 15.3917
-8.36068 -6.76546 8.82444
-11.9701 -12.1391 8.73063
-10.5723 14.4192 10.8836
-7.90794 -19.8107 9.21567
-4.14585 1.706 11.2842
-12.315 3.97163 7.75399
12.6743 14.955 12.042
11.1775 17.6575 12.7367
12.1891 16.5058 12.5392
6.09761 6.75507 8.18279
8.93214 -5.27914 10.887
4.9573 3.82326 6.62644
7.24639 -0.846319 10.9088
-12.4016 15.0722 9.80889
-4.02882 0.179454 14.8274
6.3993 19.3814 10.2669
16.9413 19.6759 13.9546
14.9201 1.2172 8.85106
9.52184 10.1371 9.19088
8.64792 -7.37037 10.2428
0.92901 19.2273 8.01995
-22.4772 17.3356 4.85267
-12.5088 9.12732 8.03156
13.7258 -11.7782 11.2311
10.7753 -1.91876 11.3544
12.078 15.1598 10.7501
-0.725879 -13.0689 13.6959
-4.50604 17.2856 14.3859
-5.68596 15.8424 12.6491
-11.1095 -18.8816 7.62349
-1.86813 6.98757 12.8054
-8.65039 -6.01605 10.8585
10.5897 0.402613 12.5595
14.8727 10.5207 13.6147
-19.0269 5.43175 5.04796
-12.0612 -17.3079 7.52772
-9.0064 9.98917 10.6339
-16.9159 3.55034 7.09728
-16.2968 -5.61689 8.27576
18.484 -11.768 13.0157
5.57963 -24.1866 6.19016
-11.2526 17.9434 10.0915
18.247 3.62243 12.3111
-8.23347 13.6829 12.3473
12.3027 8.89886 10.4622
6.95249 -13.7955 7.75051
-5.1839 7.96344 12.6381
-11.6858 4.69604 8.26286
-12.5643 2.62929 7.70207
17.8239 -13.0167 13.2317
-1.40456 4.62597 14.2357
6.05805 -13.0495 9.52907
8.72557 -18.7413 9.10803
-16.728 -11.5254 6.16686
-3.18006 9.65847 12.5171
6.27963 -14.4222 5.92389
12.7245 0.857216 13.4756
-0.599506 10.4748 14.3144
9.94939 -8.10811 8.69585
1.13022 5.0781 14.2206
-6.70887 12.0506 11.1997
-13.3077 3.61978 8.74834
3.35863 -25.6653 4.69068
-9.4482 -23.0196 7.90878
-16.3292 14.9716 8.74119
-5.48265 4.01975 14.8685
18.9338 -4.00776 12.7857
-0.813142 -22.3834 2.6514
5.37758 3.8454 5.78295
15.0888 19.4447 14.2088
-7.80529 21.1637 13.0709
3.41173 -3.15712 4.85022
-10.4473 -13.1738 9.14808
11.0769 11.6399 9.45431
6.94612 -17.2018 7.69617
7.90812 -13.479 9.13733
10.4372 -4.84237 12.0161
16.4333 -1.80548 14.5111
3.14483 -12.2388 6.24211
1.43096 -9.40403 14.7571
-1.59404 -4.57851 14.9489
6.54836 18.3177 10.3747
18.1977 -8.82577 11.9594
-9.10548 11.9965 10.086
-5.69611 5.3553 1.72913
1.28249 -5.70673 7.79867
11.9009 -12.1894 11.0277
12.0027 -3.10207 10.3535
-0.265646 -0.158048 11.8959
11.2398 -9.91408 11.7043
-1.02492 21.0577 7.0743
10.9844 13.0979 11.0598
11.9886 8.58503 11.4793
19.8093 -2.94407 16.011
14.5859 -12.7704 11.877
11.6224 1.08313 7.91643
17.201 -0.592789 11.4168
-13.9992 -17.2596 7.93166
10.3696 -13.3245 9.63707
10.2095 -11.5149 9.46134
-9.982 4.78833 9.07883
1.32422 -12.3023 5.25626
-15.8698 -11.1211 6.14064
6.5692 -7.14891 8.11958
4.46008 12.5848 7.18421
13.6779 -6.95338 12.3846
14.4188 -4.9748 12.5756
-9.95774 10.734 10.4849
6.94772 13.9718 18.4467
10.0355 4.9672 8.84416
7.96693 -6.25326 9.90558
12.1834 7.00123 10.2669
-4.68943 3.49822 11.4952
9.88194 -19.708 8.4728
-9.91054 14.6597 9.57641
10.8312 -5.46212 11.9601
16.8941 8.46444 12.7696
-3.52348 6.14331 13.3883
-1.63177 -10.4903 13.827
-9.17897 9.25004 10.2808
12.7841 -12.6416 10.0401
9.30864 5.70458 9.62035
11.3457 5.39291 10.5315
13.134 2.40152 13.4173
4.57322 -13.4372 7.01085
12.6719 -13.6688 9.96083
12.5266 25.6539 13.1547
9.37657 -11.8425 8.96364
6.26392 4.11686 6.4631
-14.5725 4.00433 7.5139
17.6943 -15.3026 11.7579
-11.3892 -3.95584 10.6652
7.57888 -19.9823 7.54137
17.2661 -12.7464 12.5781
4.51126 -7.57944 9.05988
10.9003 2.58957 14.1191
-11.1804 -1.09271 11.3584
7.02944 1.4275 9.44583
13.1527 -0.32102 9.20708
10.3732 -0.719091 7.69487
12.597 5.47285 10.2091
6.78292 -3.59552 9.08225
-11.4 8.01588 9.20632
-18.7759 1.28223 9.10966
9.5064 -2.70575 12.2919
-11.5968 -19.7022 5.98242
11.9629 5.64555 9.32878
-13.0664 -12.5943 8.35461
2.22053 9.34644 6.20889
13.667 -10.6838 10.8268
3.24019 -20.5242 4.97636
-4.0223 2.96284 9.45
-15.5026 -11.208 7.11659
13.5173 13.8653 11.9719
11.3762 -15.3005 9.37961
-12.6243 -1.14851 10.86
3.93152 9.86629 7.41412
-14.3433 21.7629 10.4161
10.9213 0.895818 11.2965
14.1656 -12.5415 11.6484
10.9447 -8.63236 10.2973
16.3404 5.20401 11.5217
10.1993 -6.55242 7.66653
-5.38653 20.7422 4.98531
-10.5612 12.8826 9.96483
-8.96826 -4.58884 11.9899
17.8436 10.9446 13.9979
-7.36688 16.1981 11.9865
10.1326 -2.29004 7.92968
4.18942 -13.7704 6.31764
14.3184 -6.18173 12.3691
-12.1923 10.9998 9.81311
16.7724 12.4056 13.8539
1.2112 21.6237 7.35871
1.73842 14.5925 15.2984
4.48136 3.7295 9.56069
-13.4365 -16.2151 7.35253
-9.30958 3.43953 9.57957
8.09215 -17.7577 8.36996
-11.6132 -6.02078 10.4103
11.3261 -8.37907 9.9835
13.6327 -3.60067 13.6532
9.7036 -12.5913 9.78126
14.3629 9.97845 11.6971
0.621598 16.2952 6.22684
-10.4758 7.1852 10.0117
15.1044 -0.150593 14.1242
18.267 8.9981 16.6098
-4.28703 14.4584 13.649
-7.80461 3.19707 11.0451
-5.68232 7.77339 9.9968
20.8102 -25.2082 11.9462
-10.9369 4.46569 7.81858
8.4534 -17.9378 8.70184
-17.0757 -11.8305 5.94462
-8.19343 16.1695 11.7415
17.3872 -19.6415 11.5236
-10.2379 -11.8475 9.78606
10.9981 10.8207 11.1703
-8.10216 3.07272 9.12666
-8.87906 13.6452 10.2155
9.71913 -7.99361 10.3562
15.1431 -9.03187 11.75
-5.82727 -0.349232 10.5399
5.91873 -24.6086 5.2974
-2.46404 23.441 15.3935
13.7017 -17.643 10.4809
14.2371 -9.58654 12.2073
8.51557 -2.15674 10.0293
9.24852 -6.04951 10.0166
-15.6546 2.52615 5.72113
-7.67856 9.69992 11.3322
11.5082 14.2544 11.1775
-6.26555 -5.86271 12.8671
-1.64667 0.284308 12.7212
15.7641 6.96772 12.245
10.37 10.6283 10.9618
8.56207 19.8949 11.41
8.91971 1.98804 11.3074
16.3414 -8.08701 13.218
11.8922 12.1034 11.1094
-15.1942 -7.50842 8.48915
8.50786 -5.3445 6.54346
-6.49086 0.0147796 9.30076
13.2728 9.92861 13.0904
-10.719 15.1111 10.2737
23.5262 -12.5562 15.754
14.4623 5.02571 11.1388
10.4476 3.63212 9.54001
-19.3319 -2.10631 2.76409
-12.6654 17.5519 9.17887
-11.1126 9.25813 10.8038
5.31993 -12.1617 7.44273
0.368458 -14.6304 13.0721
-10.2141 7.64203 9.09709
8.82168 28.4244 13.1726
10.4803 1.79955 12.4944
7.1702 8.94449 8.39671
-15.7035 12.0362 8.86586
9.0869 -6.35645 9.09975
-6.0949 15.4138 13.3282
7.16553 -15.5633 7.17177
19.1021 -14.3244 13.0914
2.9958 14.6882 16.1089
-11.4675 5.63242 8.39201
-11.1802 12.47 10.9759
-14.7427 21.1818 9.4404
4.71835 -19.56 5.97933
8.21232 3.37339 7.50064
5.59981 -25.0003 6.18686
-10.0625 -2.55167 12.0949
-8.22381 -2.22231 11.9231
6.23309 -16.1906 6.16553
-10.328 8.01586 9.75965
-10.5649 15.3129 10.3978
-11.0206 8.34325 8.68901
-6.93881 14.0496 12.3123
10.1569 7.68901 9.87074
-7.34044 13.1611 11.8725
-6.58351 -21.3579 9.49257
16.0104 -4.01627 10.4349
4.12938 -8.73313 7.9505
12.687 4.82329 10.582
15.9616 -16.2552 11.1604
-13.5032 6.78743 8.51588
-8.95634 10.2532 10.9566
3.42825 -6.66613 6.88614
22.3294 -17.1852 12.3113
15.1669 9.45431 12.4989
9.50434 -23.3137 7.1395
-1.02671 -9.58623 4.87616
11.092 15.9652 12.2985
6.01691 -11.0527 7.26034
11.7433 14.2906 11.6547
-6.34723 13.1013 12.0046
8.00962 -5.6547 10.3633
-15.8383 21.1481 9.95751
8.04447 15.3977 9.00412
-15.0885 12.3281 7.9522
-2.45569 15.0381 14.5429
2.01109 4.19954 3.61492
-8.34278 -4.48421 12.3613
7.49059 2.94899 7.36534
12.375 -5.77289 11.3577
-9.11845 1.80358 9.10982
-1.33116 -19.6132 3.80161
-8.82057 -4.02686 9.89225
-20.3614 -8.37253 5.47065
20.7747 10.3188 14.5617
11.8243 2.3856 8.60317
12.5365 -4.57101 10.6854
-7.90572 16.5575 11.9282
0.449344 21.5898 7.47508
8.07595 -18.5433 7.80773
-4.61622 25.9454 16.864
5.64254 -7.60444 17.8566
-4.41538 -21.7183 11.5433
13.8908 0.314042 10.3758
18.4121 8.14686 13.6009
13.1443 8.61878 10.1895
9.11656 18.2493 11.015
-0.779336 -7.44787 15.1278
9.45601 21.0153 11.8629
5.15324 3.46475 6.12893
-8.55978 23.3535 12.1864
8.49884 -15.6182 9.33338
-7.53437 9.19359 11.9307
9.58778 11.1418 10.9572
8.9116 -13.5368 9.40576
4.83263 13.9762 9.83688
17.0786 -18.8505 11.8751
11.7637 -0.223634 12.7702
12.9184 -11.7981 11.9954
5.67394 9.14363 8.80475
11.8067 -17.588 8.57076
-5.47 -16.6789 9.90399
-5.41928 4.94709 12.3585
15.9973 -13.6331 11.812
-5.81524 11.6531 11.82
-7.8043 5.46461 12.3209
-12.2648 10.3831 8.81188
13.9661 8.45159 12.7105
2.90221 2.0025 5.33947
-15.8879 6.42855 4.97324
10.9373 11.7528 10.4347
-21.8959 13.2985 5.36822
18.0403 -8.9262 11.8203
10.7047 12.5062 11.0252
6.32498 -18.0659 6.26285
-10.3483 6.2143 9.11751
13.61 13.9006 13.0516
14.4135 4.50338 10.5671
4.30233 1.76437 10.1713
-18.0032 -8.76251 8.06801
2.5379 -13.0499 5.86508
11.6708 -11.1696 11.7657
9.75661 -4.12978 11.3606
2.90564 4.62928 6.51592
-13.7126 -5.76592 8.84936
7.66222 15.5013 9.65076
-16.0988 11.8733 7.87018
-13.4033 -9.91318 9.54023
8.31368 5.98479 7.71311
12.1805 -3.61274 12.5331
12.405 -16.5617 9.55194
9.14122 16.964 12.3608
-7.48297 -17.8433 9.35196
4.52244 11.7871 7.79822
-19.5142 -0.993471 3.69596
-9.76658 6.32621 11.1956
15.8335 11.997 12.5098
-1.25607 16.94 15.2019
-5.88705 1.69238 10.4224
11.6231 -2.35964 11.9442
-14.7788 18.3635 8.8857
8.09822 -26.7829 5.12329
-8.59463 -11.4258 10.9866
4.32558 9.42474 6.87873
5.10947 -11.9347 8.21034
13.2469 11.6971 12.3257
10.6542 -12.829 9.49929
22.4358 -0.867203 16.6054
-1.81507 -2.74753 11.5776
-2.67925 20.1405 14.3593
6.01178 16.1857 9.06515
-17.5184 2.13474 8.69895
7.94852 0.614642 11.4423
-6.04965 -0.735219 9.09928
8.51634 -1.44638 11.183
-4.04931 15.3 12.8063
-8.06605 3.43526 10.436
-9.45474 12.3568 10.8575
9.36543 -11.6827 10.6205
7.80217 15.9428 8.97776
-18.7498 20.676 8.03069
11.2057 12.3508 8.88594
3.48606 21.1908 9.45639
3.56904 -8.81234 7.02561
3.99068 -18.2668 6.0982
7.27353 -12.0828 7.91961
-14.803 22.7845 9.51079
18.758 -6.89611 15.0873
-17.1828 13.8774 8.53626
15.4612 3.53133 11.8206
8.9826 0.864459 8.43236
-13.6403 9.95087 7.56993
-9.89783 -3.75527 11.1303
-10.7922 -2.63464 11.4693
-16.9124 -6.68002 7.8281
-0.142376 13.716 15.8549
-15.35 11.7313 7.26445
8.53398 4.00376 8.51678
12.5879 -13.4671 10.4584
11.2006 -16.5994 9.48041
-0.274596 -15.526 4.35994
-10.5386 -8.22785 10.4182
0.04067 5.48988 3.87348
-8.68225 -3.29344 12.2556
6.20187 14.95 9.84855
-2.21444 -8.52193 13.6195
14.7903 4.47699 12.6877
10.3274 -15.38 9.85119
19.9083 -8.71676 14.6825
7.44109 5.97553 9.87067
2.6907 -18.8534 4.75894
12.2816 -10.865 10.9844
0.779755 2.92773 5.68986
14.691 -11.5793 12.1815
17.3338 -12.5835 13.5395
-5.18059 18.2901 13.6721
3.784 22.3182 9.31325
14.0604 -12.1501 11.6229
-14.3148 -10.1116 8.07459
8.38495 -1.87065 7.9013
-3.97935 -3.19741 14.2211
18.3611 -18.2164 13.0702
-0.140782 0.43615 4.02919
-7.91917 -13.4441 11.3015
-5.76561 -12.7402 11.2845
-5.04252 -17.7435 10.805
-0.651041 12.9842 14.4109
14.1475 6.396 11.3399
-0.28844 26.3034 16.5092
-1.84955 11.9404 14.0342
-8.35186 -5.57681 12.3207
-7.67496 15.655 12.5096
8.21336 5.18184 8.79201
-10.0556 9.2154 10.3085
-19.8657 -10.6115 4.12047
6.24391 -7.01037 10.2053
19.4733 -1.38643 15.9927
-16.5886 -1.50773 7.355
-16.9072 24.9798 9.87774
18.2963 -15.7434 11.1857
17.5084 12.697 13.5889
-11.1922 -7.13562 10.0731
10.8418 -14.7788 8.41429
-12.2783 19.2222 10.7448
11.5621 18.3652 11.7324
-26.0349 16.202 4.14235
5.87937 -1.83776 14.4534
0.993138 -4.92051 15.5473
-20.0783 8.79169 6.19709
-4.29144 -15.8403 3.20246
14.9951 -0.598704 14.7843
-18.3074 -18.1515 5.6109
-14.8128 -5.38408 8.85262
4.31193 -6.78459 8.21441
-9.58535 21.9613 13.025
5.72126 -15.8453 6.55489
20.7046 21.0404 17.0536
3.25154 -14.4642 6.09277
12.8938 -6.13168 11.1449
3.07951 21.109 9.20939
-11.4233 18.2078 10.5656
-7.76939 2.03494 8.47854
-11.2409 19.2995 11.3142
14.0512 -4.43531 12.1427
10.393 -6.61249 10.8349
-9.33498 15.1709 11.2597
-2.54414 -9.18991 13.2892
-10.7663 -7.79935 9.2913
-17.707 -15.6725 5.0177
-7.56204 -9.77789 10.8194
-9.36192 -13.5247 9.42246
13.2947 10.2438 15.4894
-14.2757 9.91968 6.72192
14.2451 15.7637 13.6283
9.52824 -8.07521 11.084
10.0491 1.61828 12.6623
15.5377 16.7776 14.5341
13.4557 10.4776 12.1675
-12.8895 0.54186 10.3838
10.5292 -1.18793 11.0879
-15.0129 -0.99008 5.47714
2.53742 17.2768 16.3044
-9.65332 13.3462 10.2887
17.8586 13.8257 15.1985
-14.9283 10.293 7.08196
4.78534 10.8675 7.70421
-4.33448 24.6158 14.6261
5.83571 -8.0187 9.41037
15.7582 -20.7082 12.0097
17.8549 13.7914 14.4156
9.41727 12.8742 9.59472
-9.69005 -4.77723 11.3733
7.65327 -6.4703 8.97353
12.8678 12.5154 12.3215
5.96977 15.3933 9.09229
-24.5548 -14.9538 2.95411
14.3598 8.85269 12.1245
-14.3646 16.6278 9.37098
-0.257321 0.659438 3.44393
7.56919 -6.08676 10.8557
2.37006 17.07 7.74845
0.0242118 -7.9324 16.0483
7.82513 8.34553 8.85372
8.00636 -1.92401 9.71572
8.51535 16.5054 11.6199
-1.85993 5.47171 12.3953
17.49 -6.20429 13.4109
8.95309 -19.4294 8.08118
-12.9098 -12.533 8.20371
-8.80464 13.8869 15.4397
-8.12145 -2.6324 12.6565
2.93165 13.7975 7.86488
1.342 -14.2598 6.19692
11.7298 3.24841 9.13903
11.8407 1.55105 9.81742
4.81072 5.44996 7.80547
12.6341 -17.009 11.0648
-12.4491 8.72419 7.91863
8.14628 -1.1278 11.2651
1.63361 -5.76623 15.6701
20.2409 -1.1015 15.5969
-1.98285 -4.79199 14.7992
15.3054 -2.01188 9.27999
-5.12275 10.4205 12.9458
9.03672 5.40574 8.98616
-14.8435 -13.8399 7.08914
8.65815 -0.311982 7.65718
-9.27306 14.6512 11.9926
17.5633 6.99392 13.2199
-16.7183 -15.9546 5.52854
-15.5039 18.399 8.78713
15.2673 5.56397 11.4
12.7414 -13.196 10.6212
-3.47762 8.65599 3.17241
-17.4655 13.0769 6.90503
-7.46616 -3.42675 8.58788
10.0088 -15.8891 8.75522
-14.1452 -3.80896 9.37291
13.2743 -14.2707 11.1457
12.8508 14.9541 12.4936
12.4406 2.47238 9.67982
6.57983 -8.00512 8.76461
13.6457 4.2031 10.5911
9.90446 -11.8162 11.6781
13.826 -6.89662 12.9362
9.59109 6.17769 13.5318
9.12633 -2.59634 10.1244
11.2698 10.0825 9.63348
7.80078 -13.5101 8.22572
19.1069 -3.40497 15.7294
14.2396 7.51361 11.5146
9.95892 -3.16676 7.00856
15.4637 6.65487 11.2907
13.2171 -13.9498 10.4005
-5.71226 6.27873 10.7994
-5.28693 9.54173 12.2085
8.07584 3.03528 7.68672
13.1613 -14.9466 10.3158
9.46587 2.4627 7.72762
9.4541 -4.36205 12.0301
12.2268 -18.325 9.23527
-17.3817 -6.4957 7.5184
17.7616 -2.4784 11.5676
7.85856 9.11612 9.15206
4.82742 9.82761 6.62519
15.0147 -12.683 11.3042
-3.967 -13.8555 11.4946
6.55075 -8.02335 9.97451
8.8382 8.43903 8.5404
-2.88591 -13.6678 13.2895
-12.3884 -5.27356 6.83051
20.3656 -0.766148 15.997
-19.3013 14.2034 6.41486
-5.61767 -10.9351 9.78982
7.80484 8.9031 9.53843
2.43275 0.37966 4.10471
8.04272 -13.8267 9.53024
-2.06395 12.6493 14.3287
4.25396 -10.5289 6.30242
14.8232 12.9623 12.3716
0.17703 -19.0137 4.36629
9.43931 -1.8289 8.81669
-10.0304 -11.5194 9.94459
-14.8141 21.0625 10.4622
13.4085 -5.84731 13.022
16.7759 -7.74856 13.4739
10.2507 6.81932 9.88316
11.3573 4.16397 9.98677
15.6477 16.5825 13.3987
11.9294 -9.47792 12.0272
-11.8998 17.8718 10.4476
21.4312 14.0404 15.7537
11.2777 -2.33023 8.6072
19.4065 -0.788381 16.0692
-12.228 2.99119 8.94461
3.39174 -10.7393 6.21202
11.409 -16.3028 9.50513
14.555 -8.93645 12.1828
14.1506 -7.39609 13.4413
-9.22598 9.18748 10.5648
-9.52738 -12.8067 10.2669
-6.99757 16.5362 13.2112
-9.66633 8.88276 10.6927
-16.8879 -10.2309 5.15522
5.31648 11.8108 7.77183
2.18309 9.34081 6.44713
8.87137 -6.37191 10.225
-7.81067 -10.5894 10.1359
14.6499 -16.4322 10.9822
-14.3359 4.74821 7.42223
7.60209 9.53382 8.40757
6.96325 14.9972 9.6954
14.1627 -25.8445 8.1523
11.5869 9.13655 10.6999
-1.50286 1.44952 12.3539
-9.11983 -26.3776 7.56745
10.9535 17.407 11.2225
-5.75311 -7.19936 9.31869
0.920817 10.4615 4.6686
20.6192 -16.8999 12.9195
12.2947 8.22877 10.6786
12.1746 15.419 12.286
11.1396 6.08923 11.0201
-19.518 -2.38048 3.97093
11.4206 -16.3443 9.05438
2.64006 -2.67517 7.96119
-4.20657 18.954 12.6174
3.42853 10.0525 5.97239
5.60276 -15.7492 5.16307
-13.8689 12.1858 7.8475
-10.0866 -14.7107 9.15206
-7.25144 -12.7945 10.8024
15.5152 9.0277 12.1738
12.3177 -10.5005 10.1532
-10.1377 6.69592 9.62942
19.276 13.1865 15.8488
9.49949 -7.81401 9.45064
28.8414 22.9173 21.2694
6.38643 5.46477 8.29044
12.1095 -2.11104 11.914
10.8261 -3.44895 11.4137
8.94914 15.4537 11.2731
11.7208 3.16505 9.14616
18.9583 16.6741 15.534
7.67694 6.33002 8.49156
17.696 -12.0476 12.2716
-4.16811 17.4616 13.8515
-17.7701 6.64595 6.70772
10.7686 10.5329 10.9345
-10.1885 0.737183 13.6419
9.73381 8.05303 9.31928
-0.732588 21.2526 7.53922
7.81938 -20.6865 6.14069
-16.072 5.98728 6.60375
11.7854 -15.2775 9.24103
12.2697 22.3404 12.9059
-18.0918 2.63015 4.42399
14.1316 -12.5234 11.0134
6.70772 9.02784 7.54035
-11.887 8.19018 10.0339
7.21082 8.47159 8.68634
-11.0849 -9.37271 9.42637
0.292934 -8.67125 6.75465
-7.51766 -10.7372 10.9945
-9.64112 -6.75955 10.2794
7.86162 -5.48918 10.1441
1.94702 -2.44786 7.57783
13.8161 -16.0197 9.73473
16.0372 6.21921 11.907
15.5801 -14.4549 11.7979
12.7472 -6.48804 12.0634
-12.3251 -13.7615 8.01254
-7.0974 -15.9543 10.4751
-6.52891 13.0556 11.7619
-5.73118 9.37443 11.7033
-12.4935 -1.67881 6.12872
10.8923 11.6829 11.5563
-9.25188 -3.97995 8.88928
13.1584 17.8018 13.1553
-4.69945 14.5944 12.7392
9.94776 -0.424229 7.67909
17.1889 -4.93125 14.3629
-14.1556 -16.0174 7.3639
8.4707 13.2942 8.32044
9.01969 -15.4944 8.27386
11.1905 -11.1122 10.8442
-20.7999 16.0866 6.53789
9.34451 8.34825 9.42054
13.9098 -8.4863 11.6904
18.2881 4.2431 11.6116
10.4169 2.10488 13.3078
12.3743 -20.3754 8.6038
15.1364 -13.7371 11.6899
2.1128 -4.18633 8.04445
10.0648 14.6071 10.3336
10.6265 7.10843 10.3832
12.3409 13.6272 12.0526
9.01453 -1.01958 8.378
7.38794 5.11953 8.21669
-11.616 5.73815 8.07256
-9.27434 -5.48416 10.902
-7.67258 -2.73062 12.8222
16.2153 -6.2185 13.3131
-15.4171 12.2972 6.91421
16.4509 -3.53047 9.32663
11.1114 4.41026 8.50087
15.6601 10.4192 12.5132
-4.01824 6.5064 12.4589
10.1821 -1.0677 11.3965
15.9913 -5.11983 14.0754
-7.55899 14.8631 11.7244
-6.84675 -9.52858 10.7797
17.1457 10.5549 13.6074
5.50019 -4.55595 9.42225
-7.2468 -17.254 10.6751
21.122 15.8529 16.0114
4.1213 -20.8932 6.48037
-2.46284 -4.97318 1.55446
10.5615 -5.83882 12.0748
9.03443 -0.551853 11.3351
-4.91655 -16.1541 2.31126
-16.3372 3.42521 4.79834
5.02459 31.7315 11.1085
14.4728 16.6432 13.2744
15.9555 -12.1657 11.5186
-12.9488 -7.2157 8.1291
-8.69784 5.23774 9.66927
-4.54529 20.6307 14.781
-7.29659 15.7708 3.20566
-0.814265 -12.8395 4.83745
8.02441 -13.1483 7.30496
3.40663 4.24963 5.41166
13.0812 -22.7384 10.1768
7.54945 3.10986 7.0201
-14.9176 4.46142 6.51012
-5.99204 12.5209 11.872
12.3831 -15.4704 10.1767
20.971 -6.62231 13.8501
-10.7353 15.3275 10.9721
17.7098 21.2729 15.5468
12.1421 7.15497 14.9309
12.4803 -0.19141 13.6538
11.603 26.2894 13.5067
10.5831 8.41807 10.1934
-7.8737 7.93017 10.2963
-11.9521 12.2069 9.71458
13.0292 13.1328 11.4918
-4.08752 12.1325 12.4091
6.72278 26.1802 11.3726
5.05669 2.32035 6.1996
10.8703 10.3285 11.194
-11.8201 24.8438 11.7931
-5.38841 5.96499 11.6752
12.5121 12.4096 13.52
-12.5677 -11.9204 7.28541
