3.44848436 1.02833971 0.98668632 0.95301001 2.19848938 1.0370478 1.36943233 1.22424662 1.74846692 1.60257799
3.57501043 1.36662886 1.07638355 1.67316751 0.99894454 1.02197669 1.20250614 1.28920629 1.16701559 1.36669983
4.83411418 0.92391277 1.01251864 1.47447117 1.29966553 2.56037735 2.03735316 1.43850967 2.25158038 3.19773078
5.65936745 0.80933032 1.25382335 1.13040659 0.7762054 2.88545879 3.17812646 0.96705901 2.52737991 2.38813922
4.36646646 0.91525317 1.50557102 0.79824306 0.94421199 0.80148315 1.13441411 2.30082543 2.83049731 0.75544401
3.9201083 0.90265932 1.28808367 1.22237739 1.23509781 0.9086547 1.75088526 2.247875 1.82065424 1.40337626
5.71800041 0.95860774 1.77090692 2.37842056 0.98069086 3.7893081 0.91260385 3.96070528 1.4952194 3.69613
6.04694829 0.93126795 1.69387692 0.8153627 1.62309675 1.28723737 3.03837263 1.03133171 3.14373433 1.49174994
4.65261318 1.02478433 1.19290698 1.0799335 1.17645787 0.97603167 1.281959 2.29116973 1.41874944 0.99587442
4.01638222 0.8408524 1.60730948 0.80491141 3.30039257 2.70052975 1.6092173 1.27307783 2.97803253 1.11979173
