-16.9532 -7.40363
-1.61536 -0.674173
22.7299 12.7203
19.8999 8.91664
14.2343 5.05558
-15.4462 -4.53063
1.87354 0.825808
18.4274 7.53343
-17.274 -5.15573
20.7488 9.39916
6.65075 0.936269
1.35278 0.160253
14.2702 3.16019
4.66031 -0.912941
17.0171 6.66846
19.1411 8.83079
3.20824 0.235565
12.4027 2.96736
22.3046 10.9954
-3.67711 0.344077
19.9071 10.0026
15.3626 5.41229
-16.5354 -6.67433
17.2126 7.23542
-1.9408 0.503112
-17.0167 -6.69982
-15.5052 -5.76861
3.3271 0.78738
-2.22022 0.0573029
14.3473 5.36702
-1.7579 -0.651624
-18.6121 -8.15625
1.29122 -0.457025
16.1327 6.3584
14.2406 4.3881
-17.6354 -6.21897
-16.2221 -6.42674
1.00114 1.03319
-21.8493 -11.7407
2.42432 -0.837868
18.3294 9.74298
-16.728 -6.69747
2.81187 -0.215816
3.10943 0.159855
-1.57158 0.324843
14.307 5.607
-22.6 -12.4454
20.9643 11.1007
16.9846 7.41412
17.7615 6.97494
-19.2929 -9.04836
5.14332 -0.0618441
18.8772 8.21743
-1.42485 0.891532
-19.8341 -10.8688
1.44505 -1.43082
19.6825 10.0707
20.6068 10.2169
18.8811 8.22689
17.6025 5.7434
4.28893 0.19128
-0.0375524 -0.27638
0.97246 -0.22239
0.520046 -0.495628
16.2065 6.49219
18.7952 7.12732
-15.7653 -6.04053
16.8379 7.33245
-19.7106 -9.07356
5.33287 -0.196242
20.8451 11.5345
-22.6236 -13.161
15.0118 4.56214
-18.6889 -7.42602
-20.5493 -9.79176
18.144 7.35818
18.4277 8.62766
16.2653 5.65746
-15.6403 -6.51003
-3.03105 -0.800366
-14.4826 -4.48555
-18.2062 -8.84874
-17.9054 -7.5638
0.76542 0.86417
-18.5238 -9.27517
20.6686 11.0129
19.2798 9.2371
-0.619214 0.364025
-14.2331 -4.63981
-2.37672 0.0706103
2.61831 0.00275901
-15.6073 -4.8201
-20.7043 -10.6718
-2.25719 -0.328394
-17.2843 -7.90152
0.795529 0.420126
-17.9587 -7.23735
-16.772 -6.03774
-17.7298 -8.9825
17.8606 10.2639
-0.12075 0.330761
16.2529 6.26381
15.8934 6.41987
17.2546 6.98737
-16.3708 -7.47887
19.4875 11.2603
1.54332 0.921662
3.95873 0.793104
17.7503 7.50849
0.832481 -0.91124
22.0387 11.3071
-16.8977 -7.06026
-0.234089 -0.879858
-17.4167 -5.79476
1.86063 -0.0860798
20.0264 10.5169
16.7887 7.07984
-6.05853 0.238995
18.6326 8.32175
0.923434 0.997188
-20.8623 -10.726
18.8396 9.51182
-2.14531 -0.725212
-14.2465 -4.5501
0.375767 -0.429806
-20.5705 -11.98
1.36639 -0.0427452
-15.8932 -5.78744
20.4361 8.8243
16.7396 7.11895
-4.49234 -0.317229
-16.8026 -7.32013
18.2687 8.96717
6.29079 0.0510218
14.1566 5.46872
-13.6366 -3.53924
-17.1532 -8.40988
18.1442 7.88513
3.37893 -0.834595
-17.3431 -6.61374
19.8568 9.66981
20.0983 9.82639
18.8997 11.1852
-15.7175 -6.94857
-20.0422 -10.7063
3.82906 0.800901
0.00901146 1.52461
-14.293 -3.21065
-2.15079 -0.790899
-13.5717 -3.42927
2.20132 0.142552
-2.85747 0.0050044
-18.4829 -8.67039
17.8354 8.02604
-17.5797 -7.81424
0.574733 -0.811407
17.7504 7.84381
6.39468 -0.339121
-1.01152 -0.348896
2.31967 0.312147
-18.7895 -7.77467
17.5191 7.98458
-1.39958 0.535104
17.8971 9.61908
13.5682 3.8148
20.2623 9.80498
-1.15292 0.606175
17.8642 8.35294
-18.3624 -7.90998
18.3656 9.1491
17.3501 7.17274
15.0241 5.97007
-19.6746 -9.83735
18.6928 8.40425
3.00858 -0.494479
19.9542 8.93268
16.0735 5.95032
-19.2741 -7.777
2.66641 -0.191215
0.157315 -1.50926
2.09067 0.0116463
17.0036 8.21636
4.58391 -0.00180889
-17.3053 -7.83885
0.922209 0.0844083
14.307 3.49293
-18.0957 -7.46551
-3.81508 -0.976434
17.5412 7.87661
0.603438 -0.277068
17.2066 8.7366
-22.6904 -13.2564
16.3043 7.13757
2.12451 0.659978
3.4423 -1.33633
-1.98745 0.305857
16.0041 4.84342
8.25571 0.810411
-3.29085 0.927562
-15.0612 -5.20758
18.8869 9.42199
20.9696 9.66273
-1.35219 0.171662
-17.9568 -8.59717
-3.02622 -0.308269
1.56405 0.37881
-15.4319 -5.39016
-18.973 -10.1852
2.70174 -0.417227
16.7392 7.75437
19.1986 9.26411
2.49154 -0.497011
-5.19119 1.56304
1.72399 1.04667
3.2858 0.151582
3.01622 0.538565
-21.0094 -10.8614
-2.58559 -0.552637
21.4789 11.0963
17.9757 8.32231
-18.5364 -8.78236
16.3538 6.22891
-1.30525 -0.655499
1.67563 0.679017
18.7335 8.36321
-15.0862 -5.19786
-19.6241 -9.00725
-2.54707 0.626951
-0.337451 -1.00219
-20.3834 -9.90704
20.6019 9.77548
-2.39795 -0.414528
-3.08571 -0.533881
16.8198 6.74216
-15.5904 -6.15608
17.7823 8.02849
18.2256 7.82177
18.6653 8.03565
-1.95636 0.638786
-17.416 -8.52864
-1.08947 -1.15136
-19.2932 -9.52903
2.80262 -0.0748717
-1.67004 0.826258
-1.04023 -0.753111
-22.8726 -12.4855
16.7649 7.05733
3.25325 -1.10203
-21.6115 -14.2328
-1.86971 0.753602
17.8976 6.13711
-1.03188 -0.636097
-21.0119 -9.94565
1.73801 -0.319375
18.6627 8.39231
-8.48199 -0.559279
4.04994 -0.364567
-17.6506 -7.58812
3.33994 0.0826015
0.63731 -0.785505
20.489 9.72639
-18.4604 -10.5584
-2.50424 -0.438089
17.0387 7.9889
-2.79257 0.196818
0.890413 0.300366
-1.50131 -0.31166
-0.440258 0.617242
-1.60616 0.332235
17.539 6.63205
0.116996 -0.41417
-16.2994 -7.05354
-15.1837 -3.41818
19.6474 9.49842
-18.5823 -8.53898
-20.5229 -10.4478
20.2053 9.8665
-16.905 -7.65706
-16.1996 -6.3221
-16.3007 -6.14568
-17.1992 -8.4798
-18.8886 -8.9359
18.9297 9.24871
18.492 8.72809
3.8536 0.348868
18.6571 10.0986
-20.6015 -8.92461
17.4235 6.50439
19.6225 10.0126
-4.61248 -0.00875588
16.8948 5.12084
20.3636 10.732
-19.5316 -8.61998
17.6273 6.73792
2.78015 -0.634524
-16.9258 -7.27793
-15.5902 -5.68036
2.50794 -0.515626
1.73428 -0.0272863
-17.8689 -7.6634
-18.9849 -8.75053
1.45246 0.261339
19.1772 8.33033
3.65436 -0.516653
20.0298 10.2896
18.9186 8.92095
18.4006 8.3223
-0.181142 -1.25523
20.5243 11.173
15.4129 5.85262
-17.0471 -6.75862
0.254887 0.22554
-16.7178 -5.39637
-18.4995 -8.16859
-20.1836 -8.58093
-19.7636 -9.59403
3.62219 -0.38389
-23.0075 -12.4188
-4.31218 -0.414561
18.7475 7.60032
-0.985288 0.504354
-1.5187 0.743567
18.9146 8.35901
-15.3225 -6.32848
5.72607 0.059576
21.4062 11.902
0.453474 0.765527
-20.3341 -11.1094
19.5903 9.545
-20.6848 -9.11474
-17.012 -7.07343
-18.4965 -8.501
19.942 9.99446
0.941693 -0.896755
-1.11849 0.27191
-19.3016 -9.08255
17.2536 9.20043
19.2156 8.72713
-3.55681 -1.05773
5.75359 -0.131857
16.4012 6.05814
-16.0139 -6.00169
5.60449 0.958114
-19.3799 -10.2111
17.8843 7.39934
-18.6273 -7.99765
16.9819 6.5008
13.5487 3.03506
-16.1607 -6.54321
17.0399 8.15052
-6.18382 -0.54873
18.7279 8.7373
3.56547 -1.59901
-14.5882 -5.19169
-17.601 -7.4484
19.7191 9.24861
-19.573 -8.37966
19.7393 9.32909
-17.4872 -8.8629
-21.6897 -10.2485
1.89346 0.381779
-17.6537 -6.8346
-15.3996 -4.13942
14.2409 5.89788
20.4267 10.586
20.7206 10.6999
-20.7838 -9.90071
5.07132 -1.06834
-1.95528 0.946956
-14.4522 -4.55721
-21.3354 -10.4185
-17.8151 -8.14636
-21.0713 -11.3795
-0.176594 -1.99347
14.6131 3.13988
-0.0885347 -0.509377
20.6444 11.7509
7.44031 -0.147602
0.0958998 0.504104
1.2871 -0.221661
0.542594 -0.0919552
17.9717 7.70648
3.53082 -0.30871
17.3028 7.2954
16.4321 7.96571
3.12242 0.439181
14.7664 5.59675
2.00356 -0.114735
-15.4132 -5.09376
15.9854 5.78468
1.04943 -0.310072
-3.54421 0.151876
-22.39 -13.1351
-2.29176 0.719441
21.1962 10.3482
16.3156 7.69648
21.2252 11.1503
19.2368 8.75548
18.8894 8.65452
-19.1949 -9.39181
-19.0802 -9.1626
2.29512 -0.717584
-19.6629 -8.93991
19.0221 7.64916
2.73192 -1.633
24.0549 14.0163
3.76236 -0.292851
-21.648 -11.0144
-17.6002 -7.06559
15.6347 4.87366
-17.5158 -7.18295
18.6735 9.40981
0.158172 0.0645006
-1.92164 -0.232603
-21.5513 -10.6183
-17.9267 -7.27853
-13.121 -4.57941
-20.1582 -9.69327
23.161 13.6989
19.6317 8.84817
1.83941 -0.803315
16.8795 7.69136
-3.89443 -0.263521
18.4564 9.02134
14.0157 3.98081
15.359 4.55642
21.1382 10.7418
-17.9368 -8.03164
0.242907 -0.402774
17.6495 6.72461
-19.5033 -9.06906
1.03423 -0.12273
2.86849 0.74059
-16.7044 -6.64875
16.1051 6.91036
-18.7344 -6.99085
1.14321 -0.347024
13.2429 2.45361
-15.4909 -5.29193
-18.7444 -7.67123
-1.11705 0.396686
7.65034 0.0588612
18.9604 8.93462
-0.251471 0.364282
-18.2272 -8.64361
2.06905 0.288388
0.420838 -0.291827
1.7431 -0.164913
16.3207 5.17401
-13.9659 -4.79257
-15.9656 -5.37144
20.3711 11.3773
-19.3525 -9.84456
18.1313 7.41956
2.20522 -1.34144
-5.12191 0.417696
18.4049 8.60492
-19.4327 -8.6001
17.188 7.90139
-17.9238 -8.16533
-15.2296 -5.00382
-0.763334 0.167855
15.0315 5.72277
19.452 9.40172
-15.8477 -6.06142
4.08527 0.558617
-0.245529 -0.353299
13.6116 3.82884
3.4719 -0.326886
3.3678 -0.456679
-0.404469 0.526122
-1.64115 0.276045
1.23565 -0.986099
15.1582 4.71775
2.21829 0.100862
5.46976 -0.11193
-19.7464 -10.0598
19.1137 9.14785
-19.223 -10.0151
-19.0579 -9.36551
-4.98256 -0.450446
5.459 0.695269
2.5903 -0.119171
-16.0974 -6.66868
-16.3635 -5.08075
-19.7317 -9.87113
20.7766 10.5975
14.5053 5.2297
0.911961 -0.0207053
-19.92 -10.4524
-1.14557 -0.707057
17.2701 9.30805
-20.0331 -9.60562
-16.5895 -5.94619
3.42988 0.56167
-3.83012 -0.0237289
18.7215 8.1377
-19.0846 -7.30673
-3.75002 -0.640488
-16.7044 -8.0788
20.0026 9.68826
19.5591 7.54252
19.6275 9.19616
-17.0241 -7.65591
-18.9638 -9.45491
18.6014 8.22477
14.9654 4.2938
18.7519 8.97062
5.45981 0.123109
-16.6322 -7.60596
18.7458 8.8622
-20.9008 -10.5145
0.552754 -0.160375
2.19835 -0.345654
17.3326 6.38949
-18.8977 -8.56355
-18.6792 -10.0298
15.2919 5.01205
-15.7496 -5.41692
-5.44503 0.103589
-3.19954 -0.183495
12.6908 4.86047
-1.69104 -0.781783
3.53147 -0.459491
-22.4604 -10.8808
3.55064 -0.998257
-2.66801 -0.223198
-15.5242 -4.407
16.6156 7.22813
-0.471646 -0.460929
14.61 5.57378
17.362 7.84262
1.98476 0.330685
-14.8695 -3.43882
-16.7404 -6.64532
19.7826 9.65504
-19.1063 -8.12251
2.0661 0.00641816
20.2598 11.6763
-17.1249 -6.15367
-19.4286 -7.92869
16.6115 7.24619
-3.01843 -0.154321
-19.0523 -8.32721
-19.6529 -10
17.1415 8.02409
-16.7948 -6.6482
17.0841 7.54679
16.8741 6.55448
-19.9528 -11.1769
-15.346 -5.25426
9.07266 0.382884
2.58686 0.0376279
20.1153 10.0251
-2.85754 0.968626
-5.09275 -0.591858
3.68001 -0.645862
3.23979 0.75518
2.13058 0.563555
0.813322 0.114837
-1.39167 -0.598461
0.192536 0.517429
16.2991 6.60382
0.639398 -1.23339
20.8217 10.6429
19.6799 9.13715
18.9483 9.88819
15.6168 4.87643
-1.41412 -0.692222
-21.3552 -10.878
14.1202 3.75852
3.80886 0.900016
-1.01405 0.269237
17.8758 7.46809
-19.6482 -10.5677
-19.8065 -11.4802
-17.5379 -8.44014
-3.7114 0.130506
-18.0318 -8.19547
17.8776 7.67918
4.56627 0.814514
16.3949 6.71939
1.20109 0.280788
-7.83559 -0.00904909
0.698595 -0.120012
-19.8507 -9.4476
-22.6014 -13.1975
15.9012 6.2993
-16.854 -7.20088
-19.6135 -10.0115
2.67373 0.368233
-19.7249 -9.25488
-18.1377 -8.53496
19.0869 7.92574
17.046 6.10787
14.3345 4.68925
17.6445 7.05196
-10.2041 0.16794
20.8794 11.1789
-17.731 -7.78406
-17.0398 -6.19504
-4.8053 0.0101401
3.22551 0.70257
17.4879 8.5803
18.4949 7.39768
6.55454 -0.165789
9.78552 -0.480064
-0.161709 -0.0819886
21.0489 9.5925
13.5829 3.87302
-4.18973 0.401968
-20.3538 -9.9724
-3.89762 -0.644065
-13.2603 -4.41993
-0.838363 0.063248
-17.7622 -8.29951
-15.2459 -5.13316
1.77635 1.0296
-11.5711 -1.47195
-15.1908 -5.83636
15.7286 6.44238
3.67072 0.163526
-0.926747 0.519674
13.9198 4.69318
15.7633 5.48453
16.2353 7.04998
-18.1964 -7.67059
-1.01975 0.548318
0.685361 0.22563
21.7418 11.2116
-15.4355 -4.88598
0.194776 -0.174067
0.588235 0.54175
15.3249 5.00588
18.8408 8.2534
0.317679 -0.894733
-3.56279 0.396626
-18.4935 -9.4736
-22.8291 -12.1158
-21.2355 -10.9151
-14.5522 -4.30665
-14.7951 -4.88118
-16.7387 -7.61576
20.5808 9.44916
4.85408 -0.0225039
-19.3378 -8.61254
-13.4031 -3.42387
-18.2435 -8.44283
16.3665 6.68255
-5.47592 -0.0481941
-19.7792 -10.5297
-19.1987 -9.15869
-2.4183 -0.403587
-3.69646 0.72498
-17.6548 -8.06363
1.96158 -0.818887
-3.90735 -0.00962958
16.9199 5.8463
-2.61748 0.369229
22.0403 12.3473
25.0199 13.8742
-1.18141 0.409326
18.2988 8.85636
16.3663 7.62763
19.3882 8.68584
-3.60645 -0.0247166
14.674 5.72297
19.6859 11.5115
1.11376 -0.754082
16.411 5.9204
-20.8228 -9.70568
-20.3475 -9.32139
14.3752 2.83064
-1.84958 -1.11983
17.809 7.63902
-2.12762 0.928876
-14.7238 -2.3106
-25.1834 -14.2823
0.0801225 1.30656
3.49357 -1.1307
-16.6114 -6.82503
17.1579 5.47666
-1.53816 -0.78969
0.690888 -0.0213923
-19.4147 -7.79112
-16.6332 -8.60493
22.9739 12.3856
17.1803 7.49743
19.1096 7.84297
4.63741 -0.104102
3.1411 -0.486759
0.528718 -0.237509
-1.74564 -0.477622
4.51244 -0.666577
16.4332 7.61257
-17.8659 -6.63897
-18.551 -7.33137
16.0312 6.41494
-3.41159 0.190317
-15.3449 -4.7502
15.6182 7.19144
-1.90279 0.112721
-17.2012 -7.27584
-1.68728 0.58482
-1.82582 0.416746
14.8379 4.16673
21.0072 10.6304
18.7666 6.97861
20.7898 11.7792
16.062 5.76376
3.29178 -0.848809
-15.9967 -6.9643
16.4514 6.23515
-17.2203 -8.29942
18.2046 7.99936
-19.6981 -10.7826
18.6154 7.82344
4.94157 -0.0597162
18.4999 8.05054
-19.1412 -9.06514
21.2063 10.7698
-16.535 -6.14095
-14.0038 -3.17099
14.6186 5.80112
4.34845 -0.484297
20.4718 9.56062
-16.5548 -7.2483
16.2042 7.49673
15.6026 5.06416
-16.9277 -6.22106
0.199738 0.866113
1.6426 0.650994
-20.0538 -11.0769
18.8983 9.27398
20.1188 9.93186
-21.0321 -10.4421
21.8828 11.3518
0.217567 -0.195391
-2.10371 -0.933806
-21.151 -10.269
-18.0627 -8.43851
0.970558 0.188655
-18.2727 -8.50194
20.3915 8.91727
-20.0716 -9.46861
1.3001 -0.0256426
-17.483 -8.42995
5.2864 1.44796
3.66302 0.121655
-14.9369 -4.31653
-16.8899 -7.09864
16.751 5.79597
-16.9274 -5.65213
17.3434 7.954
-21.4748 -10.7444
-17.1775 -7.92987
-18.7058 -8.84442
-3.49057 0.525398
17.5596 6.92998
-17.6256 -7.46415
-19.132 -9.91105
-19.0012 -8.54994
19.5255 10.8745
-2.20692 0.0114978
18.7519 9.649
-0.885163 -0.343225
-1.31716 -0.0706369
1.63139 -0.18251
-18.3433 -6.71397
11.7425 2.59344
6.32038 -0.339593
18.9007 10.5966
-5.74234 0.226348
18.1908 6.60017
22.122 11.8557
-0.0399445 -0.123426
18.4173 7.83913
-18.6009 -8.73745
16.6738 7.36832
-19.9904 -9.87739
-19.3383 -9.35679
-16.657 -6.0301
22.564 13.326
-18.0296 -8.31542
-2.29622 -0.664475
17.3048 7.52609
18.572 8.43384
-18.7545 -8.63862
-19.1428 -9.01577
-1.16843 0.202723
13.8699 3.06264
17.9449 7.46504
-1.65355 0.681069
-21.0088 -11.5759
17.3813 6.29806
-20.1432 -8.76533
1.04766 -1.16686
14.9076 5.35085
-16.6204 -7.65727
0.641037 -0.717636
19.5206 8.51516
-21.0704 -12.5545
16.1232 4.72005
-16.4617 -6.59746
1.35016 0.270243
16.9256 8.62426
2.24671 -0.953505
0.557283 -0.333896
16.7693 7.49594
-18.3829 -8.57197
-15.7689 -5.22503
-4.96092 0.0369319
0.465474 0.125696
-17.3681 -7.2692
-17.3363 -7.59133
1.40782 0.349972
-19.7322 -9.1091
5.63746 0.197182
-0.807724 -0.0284588
18.7183 6.84287
5.16899 0.284798
4.08224 -0.0817841
20.4315 11.0281
5.29343 0.184644
-2.5717 -0.195318
18.9384 8.4877
-19.4274 -9.69967
-6.83393 0.489518
-15.6062 -6.87912
-17.8533 -8.3862
-20.3295 -9.04864
2.51554 -0.676904
17.6059 8.64718
-18.883 -10.127
-16.3951 -4.78783
-15.0773 -6.82162
19.211 9.93475
-5.98801 0.398965
0.80333 0.263066
6.30423 1.38692
17.4827 8.3376
-15.2102 -5.38245
-18.6127 -9.38955
13.0995 5.3459
-14.2909 -4.59685
18.4339 10.2762
19.9673 9.16976
6.09449 1.12272
15.7276 6.49352
-5.50307 -0.38498
0.447476 0.476396
-18.8756 -10.6199
-15.8152 -5.20624
18.1644 6.79567
1.07197 -0.29969
17.2922 5.88465
-18.0696 -8.81597
18.6263 9.22222
22.7341 13.0502
16.2997 4.64474
5.54871 -0.318802
17.0266 7.05274
-25.0744 -14.1297
15.1219 5.15749
5.90448 -0.569947
-0.851768 -0.341775
14.3858 4.25519
19.0749 10.1759
-16.871 -5.92037
-17.9247 -8.44427
-21.8043 -11.2449
-14.4705 -5.39887
-16.3639 -7.15623
4.61881 -0.254243
-17.1514 -6.14109
16.3486 6.36901
-16.2179 -6.17665
-16.6366 -6.47785
-17.1368 -7.70595
0.165075 0.114277
1.00496 -0.0583744
-14.1432 -5.12781
-19.0486 -8.0939
-0.762698 1.13136
2.44962 -0.202113
-1.48115 -0.35686
-16.8 -6.70142
18.3163 7.6722
-22.7698 -12.6404
4.05596 0.447543
16.9528 7.85435
20.6038 9.23148
21.5727 10.7352
-16.2146 -6.57234
6.85636 0.67876
18.8829 8.87629
20.9879 10.7122
-16.422 -6.19369
-16.6923 -7.71783
-18.3832 -8.77891
22.9889 12.4396
-2.64286 -0.973303
0.816245 0.389639
-20.1203 -10.6121
-4.86711 0.308627
0.757704 0.845481
-18.2462 -8.31361
-19.077 -7.4709
4.47164 -0.611627
-2.82257 1.03665
-2.91484 0.00281307
-18.4035 -6.93079
-1.68425 0.433905
18.7772 9.36382
-2.58508 -0.501659
0.736045 -0.474551
-18.5044 -8.1052
18.5831 7.03034
1.9534 0.224598
3.19012 0.612581
-4.72406 -0.448319
1.11154 -0.542476
16.1867 6.36557
1.21106 -1.11172
3.13273 1.2058
18.0462 8.21152
-18.1065 -7.54479
17.3968 7.56278
-16.9988 -8.29162
4.51972 0.583795
-14.7465 -3.59443
0.302046 0.713937
-19.9827 -12.2437
-1.37495 -0.65389
-19.72 -10.4935
2.58401 -0.236567
-17.8933 -7.30355
-20.0945 -11.234
-0.290613 -0.179428
-13.7393 -4.42149
-17.4509 -7.1028
3.23608 -0.507457
19.0212 8.86168
18.7968 9.72152
21.8659 12.2467
-3.96594 -0.0518421
-19.1898 -10.959
17.0103 8.66619
-21.4481 -12.2666
-1.10187 -0.303335
-1.12572 0.30165
-14.9327 -4.66974
16.8646 7.03254
-21.5906 -10.4905
-2.37086 0.933677
-4.79866 -0.438583
-16.1427 -5.88009
-17.3759 -6.87877
17.6677 6.86549
-19.3741 -9.63091
-3.5347 -1.27893
-16.6847 -6.82805
1.05989 0.219945
3.59588 0.259668
-1.90275 0.343058
-19.6243 -8.59453
4.71133 -0.352978
-7.62136 -0.0314795
17.5911 7.07182
-17.9553 -7.54403
-2.31986 -0.175684
-17.2815 -6.1279
16.1516 6.94985
-14.747 -6.33827
1.32759 -0.259823
-15.3712 -5.93629
1.55289 0.0180572
-17.3648 -7.29064
17.5094 7.39369
19.9895 9.6603
15.4305 4.80715
5.06015 0.554516
-17.0334 -5.95572
-16.3703 -6.99658
-21.0425 -10.721
4.07194 -0.795427
2.47843 0.655887
2.67496 0.512271
19.8739 9.38263
0.110233 -0.125577
19.0563 8.21111
17.4842 7.11482
-18.367 -9.74818
19.3536 8.39517
20.8307 9.23298
19.4235 8.84636
-5.66937 0.397806
15.2311 5.27289
-7.51298 0.236132
-16.9224 -8.30467
